block   elapsed_s  temp_c    mhz        p50        p90        p99      p99.9 throttled
1              0    63.4   1200      132.4      187.4      234.2      292.8  0x80008
2             47    60.1   1100      132.3      187.5      232.3      289.6  0x80000
3             94    60.1   1200      132.3      187.6      230.9      296.7  0x80000
4            141    59.1   1100      132.6      187.6      230.5      284.5  0x80000
5            188    59.1   1100      131.9      187.4      230.7      286.9  0x80000
6            235    59.1   1200      132.8      187.9      231.7      294.0  0x80000
7            283    59.1   1100      132.0      187.4      228.5      273.5  0x80000
8            330    59.1   1200      133.2      187.6      234.5      298.2  0x80000
9            377    58.5   1300      133.1      187.8      232.8      285.4  0x80000
10           424    58.5   1100      133.3      188.1      236.2      419.0  0x80000
11           471    59.1   1100      133.3      187.9      231.1      285.9  0x80000
12           518    58.5   1200      132.7      188.0      233.6      425.6  0x80000
13           566    59.1   1100      133.0      187.9      236.5      379.5  0x80000
14           613    58.5   1200      132.7      187.9      231.1      290.1  0x80000
15           660    59.1   1100      133.5      188.0      233.7      310.2  0x80000
16           707    59.1   1200      132.6      187.7      232.7      302.1  0x80000
17           754    59.1   1300      133.0      188.0      233.0      296.8  0x80000
18           801    58.5   1100      133.1      187.9      233.6      292.8  0x80000
19           848    59.1   1200      132.2      187.6      230.6      285.3  0x80000
20           896    58.5   1300      133.3      187.9      236.5      297.7  0x80000
21           943    59.1   1200      132.5      187.7      231.7      293.6  0x80000
22           990    59.1   1200      133.1      187.8      232.4      297.2  0x80000
23          1037    59.1   1200      132.7      187.8      234.1      294.3  0x80000
24          1084    59.1   1200      133.5      187.9      233.4      289.2  0x80000
25          1131    59.1   1200      133.7      188.2      234.7      300.9  0x80000
26          1179    58.5   1300      136.2      188.1      240.3      811.5  0x80000
27          1226    59.1   1200      133.3      188.3      243.5     1074.7  0x80000
28          1273    59.1   1200      133.4      187.9      235.7      297.5  0x80000
29          1320    58.0   1100      133.1      188.1      234.4      309.7  0x80000
30          1367    59.1   1100      132.5      187.8      233.5      321.9  0x80000

Microseconds. Each row is one 45 s measurement at 20000
frames/s, with the die temperature, ARM clock and throttle bitmask read
immediately before it.

The throttle word is a bitmask, and its upper bits are latched since
boot rather than current: 0x80000 means the soft temperature limit was
reached at some point, 0x8 means it is being throttled right now.
scripts/measure-env.sh decodes it.
